1.000000000000000000e+00
9.874094444429604156e-01
9.748248775579917424e-01
9.622522864346985116e-01
9.496976549981036575e-01
9.371669624272362942e-01
9.246661815747720947e-01
9.122012773880781022e-01
8.997782053320134699e-01
8.874029098138335181e-01
8.750813226105500497e-01
8.628193612990942007e-01
8.506229276896333236e-01
8.384979062623880708e-01
8.264501626082966235e-01
8.144855418738751185e-01
8.026098672106167786e-01
7.908289382292770231e-01
7.791485294593870625e-01
7.675743888143382598e-01
7.561122360623808714e-01
7.447677613038745648e-01
7.335466234551325515e-01
7.224544487391951764e-01
7.114968291838701386e-01
7.006793211273742994e-01
6.900074437319095866e-01
6.794866775055050656e-01
6.691224628324563550e-01
6.589201985126875716e-01
6.488852403103656519e-01
6.390228995120896816e-01
6.293384414949776406e-01
6.198370843049717527e-01
6.105239972456816266e-01
6.014042994780789408e-01
5.924830586313609704e-01
5.837652894252920444e-01
5.752559523043344614e-01
5.669599520838743967e-01
5.588821366088481124e-01
5.510272954250705624e-01
5.522078063304598494e-01
5.664273290437799036e-01
5.807131419769837599e-01
5.950654800742802841e-01
6.094844526385493344e-01
6.239700364433766744e-01
6.385220685971831900e-01
6.531402391617329162e-01
6.678240835287039268e-01
6.825729745595469078e-01
6.973861144955419977e-01
7.122625266468010086e-01
7.272010468709588782e-01
7.422003148544535911e-01
7.572587652116241630e-01
7.723746184193461817e-01
7.875458716075971477e-01
8.027702892291830317e-01
8.180453936348696109e-01
8.333684555833434926e-01
8.487364847187721661e-01
8.641462200522306292e-01
8.795941204869044405e-01
8.950763554307581416e-01
9.105887955442347748e-01
9.261270036745472556e-01
9.416862260321551270e-01
9.572613836691205025e-01
9.728470643231186266e-01
9.884375146949473390e-01
1.004026633231357435e+00
1.019607963488892599e+00
1.035174688158111200e+00
1.050719623831009253e+00
1.066235216597627433e+00
1.081713538560611143e+00
1.097146285358846729e+00
1.112524774793151261e+00
1.127839946648245384e+00
1.143082363805825841e+00
1.158242214743404608e+00
1.173309317512564842e+00
1.188273125288397569e+00
1.203122733578956938e+00
1.217846889179612146e+00
1.232434000952055797e+00
1.246872152501413922e+00
1.261149116817349647e+00
1.275252372936169998e+00
1.289169124670806799e+00
1.302886321443992745e+00
1.316390681247167738e+00
1.329668715733494100e+00
1.342706757438018039e+00
1.355490989101463040e+00
1.368007475056531197e+00
1.380242194617033347e+00
1.392181077390797439e+00
1.403810040417323046e+00
1.415115027010731330e+00
1.426082047167954725e+00
1.436697219381541268e+00
1.446946813676187604e+00
1.456817295668489720e+00
1.466295371430594185e+00
1.475368032920909567e+00
1.484022603728934353e+00
1.492246784867012899e+00
1.500028700329646192e+00
1.507356942131188982e+00
1.514220614525590314e+00
1.520609377107507321e+00
1.526513486492846239e+00
1.531923836278699769e+00
1.536831994987872374e+00
1.541230241711749605e+00
1.545111599177213524e+00
1.548469863978539252e+00
1.551299633733645322e+00
1.553596330945550275e+00
1.555356223374150693e+00
1.556576440750262247e+00
1.557254987692899828e+00
1.557390752721638627e+00
1.556983513288252352e+00
1.556033936785172100e+00
1.554543577522242259e+00
1.552514869697311894e+00
1.549951116419886921e+00
1.546856474879982679e+00
1.543235937785973011e+00
1.539095311225231466e+00
1.534441189129342353e+00
1.529280924551217558e+00
1.523622597984390703e+00
1.517474982974709841e+00
1.510847509291530555e+00
1.503750223939088304e+00
1.496193750299003478e+00
1.488189245701755148e+00
1.479748357728514652e+00
1.470883179545048769e+00
1.461606204566552325e+00
1.451930280746523305e+00
1.441868564774260841e+00
1.431434476454539251e+00
1.420641653529776338e+00
1.409503907189792571e+00
1.398035178497404996e+00
1.386249495939902987e+00
1.374160934297196768e+00
1.361783574997450730e+00
1.349131468110565280e+00
1.336218596109244761e+00
1.323058839506863649e+00
1.309665944461094966e+00
1.296053492412583719e+00
1.282234871808954679e+00
1.268223251946343222e+00
1.254031558943554669e+00
1.239672453847982192e+00
1.225158312857676179e+00
1.210501209630469033e+00
1.195712899638893045e+00
1.180804806518785943e+00
1.165788010349969372e+00
1.150673237799174187e+00
1.135470854048452383e+00
1.120190856426616310e+00
1.104842869656701199e+00
1.089436142629033322e+00
1.073979546607058966e+00
1.058481574771686251e+00
1.042950343009286129e+00
1.027393591848742238e+00
1.011818689453873654e+00
9.962326355791046861e-01
9.806420663983840269e-01
9.650532601199148797e-01
9.494721433022718093e-01
9.339042977907610066e-01
9.183549681964709999e-01
9.028290698442462681e-01
8.873311971197301862e-01
8.718656321496675021e-01
8.564363537537236226e-01
8.410470466101843678e-01
8.257011105819682673e-01
8.104016701533894862e-01
7.951515839320648649e-01
7.799534541741799387e-01
7.648096362950402849e-01
7.497222483304051277e-01
7.346931803175371645e-01
7.218764440665612625e-01
7.213537435216383908e-01
7.207861261340761105e-01
7.201737838737894970e-01
7.195169128266819536e-01
7.188157131671575328e-01
7.180703891301892794e-01
7.172811489829478138e-01
7.164482049959939314e-01
7.155717734140362163e-01
7.146520744262621072e-01
7.136893321362434151e-01
7.126837745314197337e-01
7.116356334521675153e-01
7.105451445604538119e-01
7.094125473080835631e-01
7.082380849045417648e-01
7.070220042844347352e-01
7.057645560745379187e-01
7.044659945604495599e-01
7.031265776528594635e-01
7.017465668534343948e-01
7.003262272203248928e-01
6.988658273332999382e-01
6.973656392585111385e-01
6.958259385128935381e-01
6.942470040282062715e-01
6.926291181147187226e-01
6.909725664245455201e-01
6.892776379146372534e-01
6.875446248094293500e-01
6.857738225631562212e-01
6.839655298218334512e-01
6.821200483849152452e-01
6.802376831666294699e-01
6.783187421569980557e-01
6.763635363825456492e-01
6.743723798667026204e-01
6.723455895899073109e-01
6.702834854494130745e-01
6.681863902188036608e-01
6.660546295072253820e-01
6.638885317183373935e-01
6.616884280089887493e-01
6.594546522476245620e-01
6.571875409724299288e-01
6.548874333492140654e-01
6.525546711290407531e-01
6.501895986056122068e-01
6.477925625724094694e-01
6.453639122795962191e-01
6.429039993906915385e-01
6.404131779390154211e-01
6.378918042839163416e-01
6.353402370667806665e-01
6.327588371668360079e-01
6.301479676567491861e-01
6.275079937580263501e-01
6.248392827962218066e-01
6.221422041559583338e-01
6.194171292357691927e-01
6.166644314027619478e-01
6.138844859471147553e-01
6.110776700364088931e-01
6.082443626698011974e-01
6.053849446320472838e-01
6.024997984473755563e-01
5.995893083332229923e-01
5.966538601538337039e-01
5.936938413737294917e-01
5.907096410110590501e-01
5.877016495908262694e-01
5.846702590980096259e-01
5.816158629305753225e-01
5.785388558523911762e-01
5.754396339460444709e-01
5.723185945655753226e-01
5.691761362891246678e-01
5.660126588715087559e-01
5.628285631967208102e-01
5.596242512303705174e-01
5.564001259720642301e-01
5.531565914077319901e-01
5.498940524619083670e-01
5.466129149499738826e-01
5.433135855303589112e-01
5.399964716567208223e-01
5.366619815300976981e-01
5.333105240510446210e-01
5.299425087717584137e-01
5.265583458481979395e-01
5.231584459922050678e-01
5.197432204236307474e-01
5.163130808224751789e-01
5.128684392810448633e-01
5.094097082561351852e-01
5.059373005212410845e-01
5.024516291188054762e-01
4.989531073125083038e-01
4.954421485396026115e-01
4.919191663633055711e-01
4.883845744252465759e-01
4.848387863979821688e-01
4.812822159375800268e-01
4.777152766362803282e-01
4.741383819752394424e-01
4.705519452773602729e-01
4.669563796602179684e-01
4.633520979890832781e-01
4.597395128300528766e-01
4.561190364032876587e-01
4.524910805363699939e-01
4.488560566177815514e-01
4.452143755505082456e-01
4.415664477057795190e-01
4.379126828769451807e-01
4.342534902334973523e-01
4.305892782752408499e-01
4.269204547866198851e-01
4.232474267912051391e-01
4.195706005063461475e-01
4.158903812979959369e-01
4.122071736357121874e-01
4.085213810478404706e-01
4.048334060768855602e-01
4.011436502350745892e-01
3.974525139601181034e-01
3.937603965711764520e-01
3.900676962250322344e-01
3.863748098724766877e-01
3.826821332149172306e-01
3.789900606612051637e-01
3.752989852846955188e-01
3.716092987805394432e-01
3.679213914232143390e-01
3.642356520243011930e-01
3.605524678905076552e-01
3.568722247819455795e-01
3.531953068706686905e-01
3.495220966994720402e-01
3.458529751409590292e-01
3.421883213568839288e-01
3.385285127577698505e-01
3.348739249628082115e-01
3.312249317600489129e-01
3.275819050668764554e-01
3.239452148907873141e-01
3.203152292904641874e-01
3.166923143371555560e-01
3.130768340763670499e-01
3.094691504898631207e-01
3.058696234579880713e-01
3.022786107223103813e-01
2.986964678485917180e-01
2.951235481900864044e-01
2.915602028511778965e-01
2.880067806513516016e-01
2.844636280895108671e-01
2.809310893086417460e-01
2.774095060608252061e-01
2.738992176726073868e-01
2.704005610107259039e-01
2.669138704481983093e-01
2.634394778307786456e-01
2.599777124437818165e-01
2.565289009792804942e-01
2.997069520115386299e-01
3.546959585094636713e-01
4.101011848625812917e-01
4.659143856256870997e-01
5.221272008168906797e-01
5.787311571655444631e-01
6.357176693860112637e-01
6.930780414771771092e-01
7.508034680473963940e-01
8.088850356647652173e-01
8.673137242324776564e-01
9.260804083890151750e-01
9.851758589330261717e-01
9.554092557273637931e-01
8.956843681010764335e-01
8.356590101165974893e-01
7.753428116007599069e-01
7.147454987340762234e-01
6.538768924827904616e-01
5.927469070079401936e-01
5.313655480517300855e-01
4.697429113013712465e-01
4.078891807307839512e-01
3.458146269203262735e-01
2.835296053548701511e-01
2.210445547005446265e-01
1.694250185471115056e-01
1.664600721140780670e-01
1.635162923796701362e-01
1.605939149705569169e-01
1.576931721057094338e-01
1.548142925771304745e-01
1.519575017310447196e-01
1.491230214495518069e-01
1.463110701327464958e-01
1.435218626813023202e-01
1.407556104795261720e-01
1.380125213788802319e-01
1.352927996819746348e-01
1.325966461270339514e-01
1.299242578728352360e-01
1.272758284841205567e-01
1.246515479174865465e-01
1.220516025077491851e-01
1.194761749547858659e-01
1.169254443108579539e-01
1.143995859684107386e-01
1.118987716483537814e-01
1.094231693888237933e-01
1.069729435344265317e-01
1.045482547259633660e-01
1.021492598906390270e-01
9.977611223275217878e-02
9.742896122487158805e-02
9.510795259949433866e-02
9.281322834118845011e-02
9.054492667922153792e-02
8.830318208067244878e-02
8.608812524402774391e-02
8.389988309326447402e-02
8.173857877241597070e-02
7.960433164062274969e-02
7.749725726766892864e-02
7.541746743000120323e-02
7.336507010723368472e-02
7.134016947913505990e-02
6.934286592309903130e-02
6.737325601209891157e-02
6.543143251312315278e-02
6.351748438609253200e-02
6.163149678325979125e-02
5.977355104908813055e-02
5.794372472060954626e-02
5.614209152826282745e-02
5.436872139720840685e-02
5.262368044911997639e-02
5.090703100445316542e-02
4.921883158518736145e-02
4.755913691804273397e-02
4.592799793816858961e-02
4.432546179330309338e-02
4.275157184840353009e-02
4.120636769074434436e-02
3.968988513548209890e-02
3.820215623168696228e-02
3.674320926883718058e-02
3.531306878377614422e-02
3.391175556813076641e-02
3.253928667618822407e-02
3.119567543322973244e-02
2.988093144432070469e-02
2.859506060355289023e-02
2.733806510373941109e-02
2.610994344655842569e-02
2.491069045314409439e-02
2.374029727512370208e-02
2.259875140609706942e-02
2.148603669355680229e-02
2.040213335124791902e-02
1.934701797196291401e-02
1.832066354077070344e-02
1.732303944867761430e-02
1.635411150671657945e-02
1.541384196046259591e-02
1.450218950497270468e-02
1.361910930014585686e-02
1.276455298650222038e-02
1.193846870137728160e-02
1.114080109552882843e-02
1.037149135015421990e-02
9.630477194314210690e-03
8.917692922760765001e-03
8.233069414166202180e-03
7.576534149750064132e-03
6.948011232300495277e-03
6.347421405588012620e-03
5.774682074167035092e-03
5.229707323562880587e-03
4.712407940840862737e-03
4.222691435553507962e-03
3.760462061063447273e-03
3.325620836237744467e-03
2.918065567510415466e-03
2.537690871310100457e-03
2.184388196848548527e-03
1.858045849266737456e-03
1.558549013135182397e-03
1.285779776304253434e-03
1.039617154100993309e-03
8.199371138689159986e-04
6.266125998465483246e-04
4.595135583811428537e-04
3.185069634735588316e-04
2.034568426505203496e-04
1.142243031600939754e-04
5.066755848652397586e-05
1.264195518041541618e-05
nan
