3.333333333333333148e-01
3.354323415208932957e-01
3.375338449466729895e-01
3.396403380218783741e-01
3.417543135019964762e-01
3.438782616547543802e-01
3.460146694230244457e-01
3.481660195810052372e-01
3.503347898819553219e-01
3.525234521957795741e-01
3.547344716347122229e-01
3.569703056653572570e-01
3.592334032052992288e-01
3.615262037024871700e-01
3.638511361955631962e-01
3.662106183532789494e-01
3.686070554911178299e-01
3.710428395632055509e-01
3.735203481275597426e-01
3.760419432827015740e-01
3.786099705736138410e-01
3.812267578649992106e-01
3.838946141797627831e-01
3.866158285006078832e-01
3.893926685326050685e-01
3.922273794245733636e-01
3.951221824470775856e-01
3.980792736248372488e-01
4.011008223213168300e-01
4.041889697732629627e-01
4.073458275729485156e-01
4.105734760958858476e-01
4.138739628717848507e-01
4.172493008965538763e-01
4.207014668831748350e-01
4.242323994493253925e-01
4.278439972396902991e-01
4.315381169809677786e-01
4.353165714676801024e-01
4.391811274770012208e-01
4.431335036109552150e-01
4.471753680644874884e-01
4.513083363180999119e-01
4.555339687539421978e-01
4.598537681944986910e-01
4.642691773632699470e-01
4.687815762671629916e-01
4.733922795006378359e-01
4.781025334720417352e-01
4.829135135529856737e-01
4.878263211520786347e-01
4.928419807148533560e-01
4.979614366522739921e-01
5.031855502008286685e-01
5.085150962178743850e-01
5.139507599166193152e-01
5.194931335459025412e-01
5.251427130207614313e-01
5.308998945106637724e-01
5.367649709932310609e-01
5.427381287822782285e-01
5.488194440400574470e-01
5.550088792847054364e-01
5.613062799050586582e-01
5.677113706962143569e-01
5.742237524304740770e-01
5.808428984795944716e-01
5.875681515056063731e-01
5.943987202387983615e-01
6.013336763628336357e-01
6.083719515283240176e-01
6.155123345175402827e-01
6.227534685842643913e-01
6.300938489940747234e-01
6.375318207915826596e-01
6.450655768222871567e-01
6.526931560377660091e-01
6.604124421138485301e-01
6.682211624122024185e-01
6.761168873163788673e-01
6.840970299737768601e-01
6.921588464751867731e-01
7.002994365035136726e-01
7.085157444829487394e-01
7.168045612592196525e-01
7.251625263405806487e-01
7.335861307278745969e-01
7.420717203602986700e-01
7.506155002013913391e-01
7.592135389872497475e-01
7.678617746560076895e-01
7.765560204742453232e-01
7.852919718721254050e-01
7.940652139948113364e-01
8.028712299729813262e-01
8.117054099101524978e-01
8.205630605790025234e-01
8.294394158130038441e-01
8.383296475735066977e-01
8.472288776659380183e-01
8.561321900721292621e-01
8.650346438589743281e-01
8.739312866167502358e-01
8.828171683735743791e-01
8.916873559257160187e-01
9.005369475169411331e-01
9.093610877937901016e-01
9.181549829578559141e-01
9.269139160307524605e-01
9.356332621427164709e-01
9.443085037517245928e-01
9.529352456967350449e-01
9.615092299862770808e-01
9.700263502221613265e-01
9.784826655576616128e-01
9.868744140901520856e-01
9.951980255899228744e-01
1.003450133469758976e+00
1.011627585903828397e+00
1.019727456009525079e+00
1.027747051012035895e+00
1.035683920318576146e+00
1.043535862437307227e+00
1.051300930684905266e+00
1.058977437636418939e+00
1.063260896546274203e+00
1.057412560559459758e+00
1.051263456236820604e+00
1.044815158816644329e+00
1.038069571543937641e+00
1.031028921827413569e+00
1.023695756103487176e+00
1.016072933448575188e+00
1.008163617990997851e+00
9.999712701831134920e-01
9.914996370028301698e-01
9.827527411612990704e-01
9.737348694002285754e-01
9.644505599678995234e-01
9.549045893674872332e-01
9.451019584747136770e-01
9.350478781241658988e-01
9.247477542647805082e-01
9.142071727851269758e-01
9.034318841081541152e-01
8.924277876531584441e-01
8.812009162598956058e-01
8.697574206660657614e-01
8.581035541250164878e-01
8.462456572454103432e-01
8.341901431290095204e-01
8.219434828766484236e-01
8.095121915260613532e-01
7.969028144785675893e-01
7.841219144647989525e-01
7.711760590927904113e-01
7.580718090149042299e-01
7.448157067433154310e-01
7.314142661372279308e-01
7.178739625786563217e-01
7.042012238475812147e-01
6.904024217015924947e-01
6.764838641598038826e-01
6.624517884859243422e-01
6.483123548608635822e-01
6.340716407312055880e-01
6.197356358162598999e-01
6.053102377532449951e-01
5.908012483574124341e-01
5.762143704716121695e-01
5.615552053779033770e-01
5.468292507423031523e-01
5.320418990626220035e-01
5.171984365885315960e-01
5.023040426825461369e-01
4.873637895903950024e-01
4.723826425893411507e-01
4.573654604833264359e-01
4.423169964143283117e-01
4.272418989600322292e-01
4.121447134887714081e-01
3.970298837436991302e-01
3.819017536292486636e-01
3.667645691741291958e-01
3.516224806463816299e-01
3.364795447973107922e-01
3.213397272124687842e-01
3.062069047492115281e-01
2.910848680417322254e-01
2.759773240558233698e-01
2.608878986769533337e-01
2.458201393165767856e-01
2.307775175228541364e-01
2.157634315832090977e-01
2.007812091073327976e-01
1.858341095803981435e-01
1.709253268773248957e-01
1.560579917299706187e-01
1.412351741401095262e-01
1.264598857319644554e-01
1.117350820389340776e-01
9.706366471994365419e-02
8.244848370161521334e-02
6.789233924313475832e-02
5.339798392132588667e-02
3.896812453404644577e-02
2.460542392054450647e-02
1.031250269791235928e-02
-3.908059086792518670e-03
-1.805372038876473795e-02
-3.212197768167346368e-02
-4.611036355722383101e-02
-6.001644540709460962e-02
-7.383782418604785402e-02
-8.757213325477415655e-02
-1.012170373008435681e-01
-1.147702313359593163e-01
-1.282294397675684261e-01
-1.415924155427650266e-01
-1.548569393623062673e-01
-1.680208189624893544e-01
-1.810818884625577108e-01
-1.940380077752676125e-01
-2.068870620781821934e-01
-2.196269613432542123e-01
-2.322556399222333867e-01
-2.447710561854173628e-01
-2.571711922112793203e-01
-2.694540535244995816e-01
-2.816176688799529315e-01
-2.936600900902089362e-01
-3.055793918941308029e-01
-3.173736718641891885e-01
-3.290410503501214334e-01
-3.405796704566090294e-01
-3.519876980526719379e-01
-3.632633218105139616e-01
-3.744047532715804594e-01
-3.854102269376273315e-01
-3.962780003846348431e-01
-4.070063543974226650e-01
-4.175935931228589859e-01
-4.280380442395852469e-01
-4.383380591422068595e-01
-4.484920131379149244e-01
-4.584983056535432699e-01
-4.683553604510752866e-01
-4.780616258496334647e-01
-4.876155749520074689e-01
-4.970157058737811884e-01
-5.062605419731408540e-01
-5.153486320794390396e-01
-5.242785507186090710e-01
-5.330488983335190945e-01
-5.416583014973529453e-01
-5.501054131181065676e-01
-5.583889126322753027e-01
-5.665075061858108052e-01
-5.744599268003929282e-01
-5.822449345230715778e-01
-5.898613165573003414e-01
-5.973078873733658201e-01
-6.045834887962019399e-01
-6.116869900685476535e-01
-6.186172878873845704e-01
-6.253733064115590823e-01
-6.319539972384690119e-01
-6.383583393476645051e-01
-6.445853390091759172e-01
-6.506340296543599022e-01
-6.565034717070125092e-01
-6.621927523724776554e-01
-6.677009853824400487e-01
-6.730273106930684257e-01
-6.781708941341472174e-01
-6.831309270068087747e-01
-6.879066256274602997e-01
-6.924972308154799805e-01
-6.969020073222503830e-01
-7.011202431990848360e-01
-7.051512491016098672e-01
-7.089943575281766330e-01
-7.126489219898859417e-01
-7.161143161098486587e-01
-7.193899326493435886e-01
-7.224751824585838866e-01
-7.253694933498793240e-01
-7.280723088910631136e-01
-7.305830871171612451e-01
-7.329012991583990777e-01
-7.350264277827974757e-01
-7.369579658517683152e-01
-7.386954146873323523e-01
-7.402382823497899444e-01
-7.415860818249485620e-01
-7.427383291202874771e-01
-7.436945412697740787e-01
-7.444542342474033125e-01
-7.450169207899365320e-01
-7.453821081297681284e-01
-7.455492956393289239e-01
-7.455179723889817645e-01
-7.452876146209538311e-01
-7.448576831424853495e-01
-7.442276206420702644e-01
-7.433968489334182861e-01
-7.423647661325597502e-01
-7.411307437743971382e-01
-7.396941238759026094e-01
-7.380542159541626512e-01
-7.362102940084844782e-01
-7.341615934768830343e-01
-7.319073081784023271e-01
-7.294465872539174223e-01
-7.267785321193089842e-01
-7.239021934461722374e-01
-7.208165681865410512e-01
-7.175205966594537799e-01
-7.140131597185330747e-01
-7.102930760211348948e-01
-7.063590994209684171e-01
-7.022099165074465743e-01
-6.978441443163282409e-01
-6.932603282374835141e-01
-6.884569401467984795e-01
-6.834323767903480729e-01
-6.781849584499638484e-01
-6.727129279201738976e-01
-6.670144498272138067e-01
-6.610876103213181310e-01
-6.549304171738183911e-01
-6.485408003106574171e-01
-6.419166128137283600e-01
-6.350556324209776227e-01
-6.279555635554138204e-01
-6.206140399120165796e-01
-6.130286276300337400e-01
-6.051968290762598235e-01
-5.971160872625667082e-01
-5.887837909182372931e-01
-5.801972802344804725e-01
-5.713538532948807536e-01
-5.622507732015075144e-01
-5.528852759018865193e-01
-5.432545787171457752e-01
-5.333558895663220722e-01
-5.231864168761078959e-01
-5.127433801593027640e-01
-5.020240212389034395e-01
-4.910256160881905085e-01
-4.797454872504438028e-01
-4.681810167950717916e-01
-4.563296597600558502e-01
-4.441889580238063684e-01
-4.317565545428836971e-01
-4.190302078855761558e-01
-4.060078069853250704e-01
-3.926873860323101817e-01
-3.790671394164799590e-01
-3.651454366308906074e-01
-3.509208370405221267e-01
-3.363921044189303600e-01
-3.215582211531631818e-01
-3.064184020164152922e-01
-2.909721074080116598e-01
-2.752190559615117493e-01
-2.591592364239852508e-01
-2.427929187129675981e-01
-2.261206640621368225e-01
-2.091433341723340222e-01
-1.918620992912744849e-01
-1.742784451528696099e-01
-1.563941787156496455e-01
-1.382114326491021561e-01
-1.197326685267097873e-01
-1.306878415434827856e-01
-1.514423413986440148e-01
-1.721105068792066761e-01
-1.926897005144085073e-01
-2.131775453836713685e-01
-2.335719213418565587e-01
-2.538709599864486521e-01
-2.740730384129123620e-01
-2.941767718141879984e-01
-3.141810049891543000e-01
-3.340848028330511421e-01
-3.538874398899675700e-01
-3.735883890536370600e-01
-3.931873095079076452e-01
-4.126840340021877829e-01
-4.320785555600264449e-01
-4.513710137207638251e-01
-4.705616804147850218e-01
-4.896509455724842308e-01
-5.086393025656413824e-01
-5.275273335774816053e-01
-5.463156949944204532e-01
-5.650051029084827148e-01
-5.835963188145573133e-01
-6.020901355813598199e-01
-6.204873637690785371e-01
-6.387888183604156778e-01
-6.569953059652307026e-01
-6.751076125521914273e-01
-6.931264917539955439e-01
-7.110526537858801177e-01
-7.288867550102963166e-01
-7.466293881739689553e-01
-7.642810733371336873e-01
-7.818422495085206592e-01
-7.993132669937911272e-01
-8.166943804596482614e-01
-8.339857427106650567e-01
-8.511873991712235465e-01
-8.682992830606454104e-01
-8.853212112457523597e-01
-9.022528807517428140e-01
-9.190938659092763308e-01
-9.358436161131420405e-01
-9.525014541658092249e-01
-9.690665751774271142e-01
-9.855380459925040526e-01
-1.001914805112578133e+00
-1.018195663083497848e+00
-1.034379303315619891e+00
-1.050464283305201363e+00
-1.066449036225406211e+00
-1.082331872855817556e+00
-1.098110983819933439e+00
-1.113784442100899774e+00
-1.129350205806701979e+00
-1.144806121157050827e+00
-1.160149925665355353e+00
-1.175379251490426880e+00
-1.190491628933819213e+00
-1.205484490060035663e+00
-1.220355172418216894e+00
-1.235100922845257410e+00
-1.249718901331662080e+00
-1.264206184932830768e+00
-1.278559771709747883e+00
-1.292776584684377950e+00
-1.306853475796314834e+00
-1.320787229848439770e+00
-1.334574568430523911e+00
-1.348212153810820269e+00
-1.361696592786734383e+00
-1.375024440486696697e+00
-1.388192204116288408e+00
-1.401196346642542556e+00
-1.414033290411230936e+00
-1.426699420692656206e+00
-1.439191089152230596e+00
-1.451504617242782347e+00
-1.463636299516118733e+00
-1.475582406851973616e+00
-1.487339189602953082e+00
-1.498902880654561232e+00
-1.510269698399831384e+00
-1.521435849628454351e+00
-1.532397532330625145e+00
-1.543150938416167683e+00
-1.553692256349749057e+00
-1.564017673703216316e+00
-1.574123379626344743e+00
-1.584005567237430023e+00
-1.593660435935318587e+00
-1.603084193634632726e+00
-1.612273058926021685e+00
-1.621223263163395822e+00
-1.629931052480159792e+00
-1.638392689736522856e+00
-1.646604456400024175e+00
-1.654562654361430241e+00
-1.662263607688190481e+00
-1.669703664317653713e+00
-1.676879197692255241e+00
-1.683786608338860402e+00
-1.690422325394479008e+00
-1.696782808080514959e+00
-1.702864547127711958e+00
-1.708664066153942285e+00
-1.714177922996932724e+00
-1.719402711004025974e+00
-1.724335060281026344e+00
-1.728971638902140340e+00
-1.733309154083024106e+00
-1.737344353318878154e+00
-1.741074025489525612e+00
-1.744495001933369593e+00
-1.747604157492100407e+00
-1.750398411527984921e+00
-1.752874728915557734e+00
-1.755030121009500732e+00
-1.756861646590471615e+00
-1.758366412790634215e+00
-1.759541576000609453e+00
-1.760384342759564680e+00
-1.760891970630133585e+00
nan
