0.000000000000000000e+00
6.295693679846876487e-03
1.259088828390120783e-02
1.888508478913553806e-02
2.517778427800189053e-02
3.146848799118760753e-02
3.775669738031577072e-02
4.404191416064311138e-02
5.032364036370361865e-02
5.660137838994199616e-02
6.287463106127710866e-02
6.914290167363354445e-02
7.540569404940768161e-02
8.166251258987515527e-02
8.791286232752784646e-02
9.415624897833549389e-02
1.003921789939258014e-01
1.066201596136812646e-01
1.128396989167349262e-01
1.190503058738734826e-01
1.252514903993309781e-01
1.314427634024682712e-01
1.376236368393397025e-01
1.437936237641316284e-01
1.499522383804692549e-01
1.560989960925912023e-01
1.622334135563778534e-01
1.683550087302329301e-01
1.744633009258081680e-01
1.805578108585700614e-01
1.866380606981973000e-01
1.927035741188074247e-01
1.987538763490030447e-01
2.047884942217347015e-01
2.108069562239734684e-01
2.168087925461847365e-01
2.227935351316037704e-01
2.287607177252986013e-01
2.347098759230230314e-01
2.406405472198470674e-01
2.465522710585638655e-01
2.524445888778639735e-01
2.583170441602743450e-01
2.641691824798530486e-01
2.700005515496372577e-01
2.758107012688372772e-01
2.815991837697701117e-01
2.873655534645302434e-01
2.931093670913873517e-01
2.988301837609115275e-01
3.045275650018141600e-01
3.102010748065036627e-01
3.158502796763497100e-01
3.214747486666484910e-01
3.270740534312873704e-01
3.326477682670991309e-01
3.381954701579062417e-01
3.437167388182445493e-01
3.492111567367638392e-01
3.546783092193014908e-01
3.601177844316202914e-01
3.655291734418103511e-01
3.709120702623453503e-01
3.762660718917908986e-01
3.815907783561612865e-01
3.868857927499156357e-01
3.921507212765925621e-01
3.973851732890778532e-01
4.025887613294978906e-01
4.077611011687378162e-01
4.129018118455773934e-01
4.180105157054415654e-01
4.230868384387584391e-01
4.281304091189251926e-01
4.331408602398712504e-01
4.381178277532207788e-01
4.430609511050446758e-01
4.479698732722012799e-01
4.528442407982607443e-01
4.576837038290079707e-01
4.619632271255641465e-01
4.661376404109124350e-01
4.706668725930446273e-01
4.755522739918284225e-01
4.807950952949554546e-01
4.859683584042278071e-01
4.905540038934169123e-01
4.951020798516884147e-01
4.996122703710142998e-01
5.040842634766032893e-01
5.085177511575185161e-01
5.129124293968300163e-01
5.172679982012954314e-01
5.215841616305701978e-01
5.258606278259400080e-01
5.300971090385742102e-01
5.342933216572973709e-01
5.384489862358732282e-01
5.425638275198020333e-01
5.466375744726242880e-01
5.506699603017314315e-01
5.546607224836772598e-01
5.586096027889898563e-01
5.625163473064809239e-01
5.663807064670474123e-01
5.702024350669673280e-01
5.739812922906818438e-01
5.777170417330659280e-01
5.814094514211823883e-01
5.850582938355168849e-01
5.886633459306939153e-01
5.922243891556684403e-01
5.957412094733935959e-01
5.992135973799612714e-01
6.026413479232125558e-01
6.060242607208183863e-01
6.093621399778265113e-01
6.126547945036743270e-01
6.159020377286636982e-01
6.191036877198994315e-01
6.222595671966862918e-01
6.253695035453853412e-01
6.284333288337272672e-01
6.314508798245807020e-01
6.344219979891760897e-01
6.373465295197806579e-01
6.402243253418269386e-01
6.430552411254906175e-01
6.458391372967188238e-01
6.485758790477055280e-01
6.512653363468159373e-01
6.539073839479567773e-01
6.565019013993922403e-01
6.590487730520059317e-01
6.615478880670053741e-01
6.639991404230727312e-01
6.664024289229568687e-01
6.687576571995090813e-01
6.710647337211610441e-01
6.733235717968444334e-01
6.635780355447843393e-01
6.392581785965943952e-01
6.146850439332278704e-01
5.898633633456595859e-01
5.647979571218482153e-01
5.394937331422001714e-01
5.139556859533895850e-01
4.881888958206940243e-01
4.621985277590335839e-01
4.359898305428802079e-01
4.095681356952337593e-01
3.829388564558432462e-01
3.561074867288698265e-01
3.290796000101959828e-01
3.018608482945678295e-01
2.744569609627947049e-01
2.468737436492006720e-01
2.191170770895567443e-01
1.911929159497026687e-01
1.631072876350865286e-01
1.348662910814507621e-01
1.064760955268991838e-01
7.794293926556605800e-02
4.927312838315089927e-02
2.047303547454204509e-02
-8.450901656205545009e-03
-3.749218131330644965e-02
-6.664423924381823738e-02
-9.590044998910141061e-02
-1.252541282529100464e-01
-1.546985302858321365e-01
-1.842268552858159492e-01
-2.138322468145046340e-01
-2.435077942291112851e-01
-2.732465341295355898e-01
-3.030414518204460617e-01
-3.328854827880483036e-01
-3.627715141912275509e-01
-3.926923863667877157e-01
-4.226408943484738501e-01
-4.526097893994958099e-01
-4.825917805582264908e-01
-5.125795361967768748e-01
-5.425656855921454635e-01
-5.725428205096101397e-01
-6.025034967980607004e-01
-6.324402359969405474e-01
-6.623455269544908930e-01
-6.922118274569553087e-01
-7.220315658684222093e-01
-7.517971427809875262e-01
-7.815009326748825202e-01
-8.111352855882509871e-01
-8.406925287962212501e-01
-8.701649684989536393e-01
-8.995448915182981953e-01
-9.288245670027313050e-01
-9.579962481402277685e-01
-9.870521738787061405e-01
-1.015984570653708285e+00
-1.044785654122951435e+00
-1.073447630907411909e+00
-1.101962700338568357e+00
-1.130323056211448574e+00
-1.158520888543138394e+00
-1.186548385336365197e+00
-1.214397734347810953e+00
-1.242061124860779575e+00
-1.269530749461870389e+00
-1.296798805821264278e+00
-1.323857498476274319e+00
-1.350699040617790114e+00
-1.377315655879235656e+00
-1.403699580127671709e+00
-1.429843063256679869e+00
-1.455738370980645069e+00
-1.481377786630064808e+00
-1.506753612947508092e+00
-1.531858173883857699e+00
-1.556683816394448527e+00
-1.581222912234732103e+00
-1.605467859755082216e+00
-1.629411085694384642e+00
-1.653045046972003274e+00
-1.676362232477767389e+00
-1.699355164859598588e+00
-1.722016402308389704e+00
-1.744338540339769317e+00
-1.766314213572361957e+00
-1.787936097502181187e+00
-1.809196910272764747e+00
-1.830089414440678297e+00
-1.850606418736016945e+00
-1.870740779817521737e+00
-1.890485404021934102e+00
-1.909833249107220077e+00
-1.928777325989286417e+00
-1.947310700471811096e+00
-1.965426494968819160e+00
-1.983117890219636248e+00
-2.000378126995839612e+00
-2.017200507799842502e+00
-2.033578398554741096e+00
-2.049505230285063373e+00
-2.064974500788038014e+00
-2.079979776295037386e+00
-2.094514693122817572e+00
-2.108572959314199746e+00
-2.122148356267830493e+00
-2.135234740356662275e+00
-2.147826044534801415e+00
-2.159916279932360794e+00
-2.171499537437969085e+00
-2.182569989268588806e+00
-2.193121890526283480e+00
-2.203149580741597280e+00
-2.212647485403194114e+00
-2.221610117473423962e+00
-2.230032078889458091e+00
-2.237908062049677405e+00
-2.245232851284959974e+00
-2.252001324314545361e+00
-2.258208453686137318e+00
-2.263849308199925581e+00
-2.268919054316196782e+00
-2.273412957546207647e+00
-2.277326383826012268e+00
-2.280654800872916610e+00
-2.283393779524250267e+00
-2.285538995058146838e+00
-2.287086228496022500e+00
-2.288031367886448120e+00
-2.288370409570120501e+00
-2.288099459425622317e+00
-2.287214734095689650e+00
-2.285712562193688235e+00
-2.283589385490013335e+00
-2.280841760078129443e+00
-2.277466357519968287e+00
-2.273459965970410224e+00
-2.268819491280574585e+00
-2.263541958079652083e+00
-2.257624510835011034e+00
-2.251064414890316723e+00
-2.243859057481411234e+00
-2.236005948729691273e+00
-2.227502722612742847e+00
-2.218347137911985456e+00
-2.208537079137080195e+00
-2.198070557426873517e+00
-2.186945711426634631e+00
-2.175160808141368030e+00
-2.162714243764965349e+00
-2.149604544484993163e+00
-2.135830367262886664e+00
-2.121390500589343642e+00
-2.106283865214723772e+00
-2.090509514854232087e+00
-2.074066636867707203e+00
-2.056954552913813572e+00
-2.039172719578455251e+00
-2.020720728977226877e+00
-2.001598309331721559e+00
-1.981805325519530037e+00
-1.961341779597757462e+00
-1.940207811299903273e+00
-1.918403698505927402e+00
-1.895929857685381581e+00
-1.872786844313425458e+00
-1.848975353259607601e+00
-1.824496219149265297e+00
-1.799350416697410360e+00
-1.773539061014981488e+00
-1.747063407887326392e+00
-1.719924854024817318e+00
-1.692124937285476527e+00
-1.663665336869498912e+00
-1.634547873485597158e+00
-1.604774509489040657e+00
-1.574347348991331330e+00
-1.543268637941407118e+00
-1.511540764178310070e+00
-1.479166257455230227e+00
-1.446147789434884867e+00
-1.412488173656142099e+00
-1.378190365471834600e+00
-1.343257461957751087e+00
-1.307692701792694479e+00
-1.271499465109636073e+00
-1.234681273317879135e+00
-1.197241788896217685e+00
-1.159184815157099369e+00
-1.165788010349968262e+00
-1.180804806518785277e+00
-1.195712899638892823e+00
-1.210501209630468145e+00
-1.225158312857675291e+00
-1.239672453847981748e+00
-1.254031558943553781e+00
-1.268223251946343000e+00
-1.282234871808953569e+00
-1.296053492412583052e+00
-1.309665944461094522e+00
-1.323058839506862761e+00
-1.336218596109244316e+00
-1.349131468110564835e+00
-1.361783574997450064e+00
-1.374160934297196102e+00
-1.386249495939902987e+00
-1.398035178497404329e+00
-1.409503907189792127e+00
-1.420641653529775894e+00
-1.431434476454538585e+00
-1.441868564774260397e+00
-1.451930280746522639e+00
-1.461606204566551437e+00
-1.470883179545048547e+00
-1.479748357728513986e+00
-1.488189245701754260e+00
-1.496193750299003478e+00
-1.503750223939087860e+00
-1.510847509291530555e+00
-1.517474982974709841e+00
-1.523622597984390481e+00
-1.529280924551217558e+00
-1.534441189129342131e+00
-1.539095311225231244e+00
-1.543235937785972567e+00
-1.546856474879982679e+00
-1.549951116419886921e+00
-1.552514869697311894e+00
-1.554543577522242259e+00
-1.556033936785172100e+00
-1.556983513288252352e+00
-1.557390752721638627e+00
-1.557254987692899828e+00
-1.556576440750262247e+00
-1.555356223374150693e+00
-1.553596330945550719e+00
-1.551299633733645322e+00
-1.548469863978539252e+00
-1.545111599177213524e+00
-1.541230241711749827e+00
-1.536831994987872374e+00
-1.531923836278700213e+00
-1.526513486492846683e+00
-1.520609377107507765e+00
-1.514220614525590314e+00
-1.507356942131189204e+00
-1.500028700329646636e+00
-1.492246784867013121e+00
-1.484022603728934575e+00
-1.475368032920909789e+00
-1.466295371430594185e+00
-1.456817295668490386e+00
-1.446946813676188048e+00
-1.436697219381541935e+00
-1.426082047167955391e+00
-1.415115027010731330e+00
-1.403810040417323712e+00
-1.392181077390798105e+00
-1.380242194617033569e+00
-1.368007475056532085e+00
-1.355490989101463706e+00
-1.342706757438018261e+00
-1.329668715733494766e+00
-1.316390681247168404e+00
-1.302886321443992967e+00
-1.289169124670807687e+00
-1.275252372936170664e+00
-1.261149116817350757e+00
-1.310183932411956409e+00
-1.374071481905902559e+00
-1.437864568224696438e+00
-1.501551227835730806e+00
-1.565119469673730723e+00
-1.628557277342157050e+00
-1.691852611325612266e+00
-1.754993411212821375e+00
-1.817967597929853962e+00
-1.880763075983157062e+00
-1.943367735711929889e+00
-2.005769455549538449e+00
-2.067956104293488195e+00
-2.129915543383517740e+00
-2.191635629187493439e+00
-2.253104215294559065e+00
-2.314309154815229252e+00
-2.375238302687951109e+00
-2.435879517991679233e+00
-2.496220666264107546e+00
-2.556249621825089413e+00
-2.615954270104777990e+00
-2.675322509976132856e+00
-2.734342256091308432e+00
-2.793001441221465431e+00
-2.851288018599627883e+00
-2.909189964266119865e+00
-2.966695279416094344e+00
-3.023791992748809498e+00
-3.080468162818102762e+00
-3.136711880383703743e+00
-3.192511270762900644e+00
-3.247854496182098316e+00
-3.302729758127862070e+00
-3.357125299696983589e+00
-3.411029407945088465e+00
-3.464430416233384769e+00
-3.517316706573093477e+00
-3.569676711967054494e+00
-3.621498918748146778e+00
-3.672771868914015414e+00
-3.723484162457634916e+00
-3.773624459693349920e+00
-3.823181483577815065e+00
-3.872144022025494792e+00
-3.920500930218222990e+00
-3.968241132908347346e+00
-4.015353626715062241e+00
-4.061827482413465695e+00
-4.107651847215840313e+00
-4.152815947044782519e+00
-4.197309088797704035e+00
-4.241120662602219760e+00
-4.284240144062037459e+00
-4.326657096492882992e+00
-4.368361173147971677e+00
-4.409342119432669627e+00
-4.449589775107806844e+00
-4.489094076481281448e+00
-4.527845058587476323e+00
-4.565832857354036989e+00
-4.603047711755611893e+00
-4.639479965954105722e+00
-4.675120071424982982e+00
-4.709958589069234591e+00
-4.743986191310568756e+00
-4.777193664177352694e+00
-4.809571909368948184e+00
-4.841111946305977298e+00
-4.871804914164083122e+00
-4.901642073890822182e+00
-4.930614810205202758e+00
-4.958714633579504039e+00
-4.985933182202962222e+00
-5.012262223926865268e+00
-5.037693658190721457e+00
-5.062219517929044343e+00
-5.085831971458367740e+00
-5.108523324344102612e+00
-5.130286021246838857e+00
-5.151112647747674522e+00
-5.170995932152225194e+00
-5.189928747272896992e+00
-5.207904112189048362e+00
-5.224915193984668527e+00
-5.240955309463187106e+00
-5.256017926839053445e+00
-5.270096667405708146e+00
nan
